49 29 29 29 97 97 97 97 97 97 97 97 97 97 97 97 97 93 93 93 93 93 93 93 93 93 97 97 97 97 97 97 97 39 39 39 39 39 39 3 3 3 3 3 3 29 29 29 29 24
29 29 29 60 60 60 60 60 60 60 60 60 60 97 97 24 24 24 24 24 24 24 24 24 7 7 7 7 7 7 7 7 7 7 7 7 7 7 7 3 3 3 3 3 3 29 29 29 29 29
29 29 29 60 60 60 60 60 60 60 60 60 60 97 97 24 24 24 24 24 24 24 24 24 7 7 7 7 7 7 7 7 7 7 7 7 7 7 7 3 3 3 3 3 3 29 29 29 29 29
29 29 29 60 60 60 60 60 60 60 99 99 99 99 99 24 24 24 24 24 24 24 24 24 7 7 7 7 7 7 7 7 7 7 7 7 7 7 7 3 3 3 3 3 3 62 62 62 30 29
29 29 29 60 60 60 60 60 60 60 99 99 99 99 99 24 24 24 24 24 24 24 24 24 7 7 7 7 7 7 7 7 7 7 7 7 7 7 7 3 3 3 3 3 3 62 62 62 79 29
29 83 83 83 83 80 83 83 83 83 83 83 83 83 83 24 24 24 24 24 24 24 24 24 7 7 7 7 7 7 7 7 7 7 7 7 7 7 7 3 3 3 3 3 3 62 62 62 79 29
45 83 83 83 83 83 83 54 54 54 56 56 56 56 56 56 56 56 56 56 56 56 56 56 56 56 56 56 56 56 56 56 56 56 56 56 56 56 56 56 56 56 56 56 56 56 56 62 79 29
45 83 83 83 83 83 83 54 54 54 56 56 56 56 56 56 56 56 56 56 56 56 56 56 56 56 56 56 56 56 56 56 56 56 56 56 56 56 56 56 56 56 56 56 56 56 56 62 79 54
45 83 83 83 83 83 83 54 54 54 56 56 56 56 56 56 56 56 56 56 56 56 56 56 56 56 56 56 56 56 56 56 56 56 56 56 56 56 56 56 56 56 56 56 56 56 56 62 79 95
45 83 83 83 83 83 83 54 54 54 56 56 56 56 56 56 56 56 56 56 56 56 56 56 56 56 56 56 56 56 56 56 56 56 56 56 56 56 56 56 56 56 56 56 56 56 56 62 79 95
45 83 83 83 83 83 83 54 54 54 56 56 56 56 56 56 56 56 56 56 56 56 56 56 56 56 56 56 56 56 56 56 56 56 56 56 56 56 56 56 56 56 56 56 56 56 56 62 79 95
45 83 83 83 83 83 83 54 54 54 56 56 56 56 56 56 56 56 56 56 56 56 56 56 56 56 56 56 56 56 56 56 56 56 56 56 56 56 56 56 56 56 56 56 56 56 56 29 29 95
45 83 83 83 83 32 32 32 32 32 56 56 56 56 56 56 56 56 56 56 56 56 56 56 56 56 56 56 56 56 56 56 56 56 56 56 56 56 56 56 56 56 56 56 56 56 56 32 29 95
79 79 79 79 79 32 32 32 32 32 56 56 56 56 56 56 56 56 56 56 56 56 56 56 56 56 56 56 56 56 56 56 56 56 56 56 56 56 56 56 56 56 56 56 56 56 56 32 29 95
79 79 79 79 79 32 32 32 32 32 56 56 56 56 56 56 56 56 56 56 56 56 56 56 56 56 56 56 56 56 56 56 56 56 56 56 56 56 56 56 56 56 56 56 56 56 56 32 29 95
79 79 79 79 79 32 32 32 32 32 56 56 56 56 56 56 56 56 56 56 56 56 56 56 56 56 56 56 56 56 56 56 56 56 56 56 56 56 56 56 56 56 56 56 56 56 56 32 29 95
79 79 79 79 79 32 32 32 32 32 56 56 56 56 56 56 56 56 56 56 56 56 56 56 56 56 56 56 56 56 56 56 56 56 56 56 56 56 56 56 56 56 56 56 56 56 56 32 29 95
79 79 79 79 79 32 32 32 32 32 56 56 56 56 56 56 56 56 56 56 56 56 56 56 56 56 56 56 56 56 56 56 56 56 56 56 56 56 56 56 56 56 56 56 56 56 56 32 29 95
79 79 79 79 79 32 32 32 32 32 56 56 56 56 56 56 56 56 56 56 56 56 56 56 56 56 56 56 56 56 56 56 56 56 56 56 56 56 56 56 56 56 56 56 56 56 56 32 29 95
79 79 79 79 79 32 32 32 32 32 56 56 56 56 56 56 56 56 56 56 56 56 56 56 56 56 56 56 56 56 56 56 56 56 56 56 56 56 56 56 56 56 56 56 56 56 56 32 2 95
79 79 79 79 79 32 32 32 32 32 56 56 56 56 56 56 56 56 56 56 56 56 56 56 56 56 56 56 56 56 56 56 56 56 56 56 56 56 56 56 56 56 56 56 56 56 56 32 2 95
79 79 79 79 79 32 32 32 32 32 56 56 56 56 56 56 56 56 56 56 56 56 56 56 56 56 56 56 56 56 56 56 56 56 56 56 56 56 56 56 56 56 56 56 56 56 56 32 2 95
45 56 56 56 56 32 32 32 32 32 56 56 56 56 56 56 56 56 56 56 56 56 56 56 56 56 56 56 56 56 56 56 56 56 56 56 56 56 56 56 56 56 56 56 56 56 56 32 9 95
45 56 56 56 56 32 32 32 32 32 56 56 56 56 56 56 56 56 56 56 56 56 56 56 56 56 56 56 56 56 56 56 56 56 56 56 56 56 56 56 56 56 56 56 56 56 56 32 9 95
45 56 56 56 56 32 32 32 32 32 56 56 56 56 56 56 56 56 56 56 56 56 56 56 56 56 56 56 56 56 56 56 56 56 56 56 56 56 56 56 56 56 56 56 56 56 56 32 9 95
45 56 56 56 56 32 32 32 32 32 32 32 32 32 32 32 32 32 32 32 32 32 32 32 32 32 32 32 32 32 32 32 32 32 32 32 32 32 32 32 32 32 32 32 32 32 32 32 9 95
45 56 56 56 56 32 32 32 32 32 32 32 32 32 32 32 32 32 32 32 32 32 32 32 32 32 32 32 32 32 32 32 32 32 32 32 32 32 32 32 32 32 32 32 32 32 32 32 9 95
45 56 56 56 56 32 32 32 32 32 32 32 32 32 32 32 32 32 32 32 32 32 32 32 32 32 32 32 32 32 32 32 32 32 32 32 32 32 32 32 32 32 32 32 32 32 32 32 9 95
45 56 56 56 56 32 32 32 32 32 32 32 32 32 32 32 32 32 32 32 32 32 32 32 32 32 32 32 32 32 32 32 32 32 32 32 32 32 32 32 32 32 32 32 32 32 32 32 9 95
45 56 56 56 56 32 32 32 32 32 32 32 32 32 32 32 32 32 32 32 32 32 32 32 32 32 32 32 32 32 32 32 32 32 32 32 32 32 32 32 32 32 32 32 32 32 32 32 9 95
23 56 56 56 56 32 32 32 32 32 32 32 32 32 32 32 32 32 32 32 32 32 32 32 32 32 32 32 32 32 32 32 32 32 32 32 32 32 32 32 32 32 32 32 32 32 32 32 9 95
23 56 56 56 56 32 32 32 32 32 32 32 32 32 32 32 32 32 32 32 32 32 32 32 32 32 32 32 32 32 32 32 32 32 32 32 32 32 32 32 32 32 32 32 32 32 32 32 9 95
45 45 87 87 87 32 32 32 32 32 32 32 32 32 32 32 32 32 32 32 32 32 32 32 32 32 32 32 32 32 32 32 32 32 32 32 32 32 32 32 32 32 32 32 32 32 32 32 9 95
45 45 87 87 87 32 32 32 32 32 32 32 32 32 32 32 32 32 32 32 32 32 32 32 32 32 32 32 32 32 32 32 32 32 32 32 32 32 32 32 32 32 32 32 32 32 32 32 9 95
45 45 87 87 87 32 32 32 32 32 32 32 32 32 32 32 32 32 32 32 32 32 32 32 32 32 32 32 32 32 32 32 32 32 32 32 32 32 32 32 32 32 32 32 32 32 32 32 9 95
45 45 87 87 87 32 32 32 32 32 32 32 32 32 32 32 32 32 32 32 32 32 32 32 32 32 32 32 32 32 32 32 32 32 32 32 32 32 32 32 32 32 32 32 32 32 32 32 9 95
45 45 87 87 87 87 87 23 23 23 23 23 23 23 23 23 23 23 23 87 87 87 87 92 7 7 7 7 7 7 7 7 7 7 7 7 7 7 7 7 7 8 9 9 9 9 9 9 9 95
45 45 87 87 87 87 87 23 23 23 23 23 23 23 23 23 23 23 23 87 87 87 87 92 7 7 7 7 7 7 7 7 7 7 7 7 7 7 7 7 7 8 5 5 5 30 30 30 2 95
45 45 87 87 87 87 87 23 23 23 23 23 23 23 23 23 23 23 23 87 87 87 87 92 7 7 7 7 7 7 7 7 7 7 7 7 7 7 7 7 7 8 5 44 44 44 44 44 2 44
45 45 87 87 87 87 87 23 23 23 23 23 23 23 23 23 23 23 23 87 87 87 87 92 7 7 7 7 7 7 7 7 7 7 7 7 7 7 7 7 7 8 5 44 44 44 44 44 2 44
45 45 87 87 87 87 87 23 23 23 23 23 23 23 23 23 23 23 23 87 87 87 87 92 7 7 7 7 7 7 7 7 7 7 7 7 7 7 7 7 7 8 5 5 5 30 30 30 2 95
45 45 87 87 87 87 87 23 23 23 23 23 23 23 23 23 23 23 23 87 87 87 87 92 7 7 7 7 7 7 7 7 7 7 7 7 7 7 7 7 7 8 5 5 5 30 30 30 2 29
45 45 87 87 87 87 87 23 23 23 23 23 23 23 23 23 23 23 23 87 87 87 87 92 92 83 83 83 8 8 8 8 8 8 8 8 8 8 8 8 8 8 5 5 5 30 30 30 2 29
45 45 87 87 87 87 87 23 23 23 23 23 23 23 23 23 23 23 23 87 87 87 87 92 92 83 83 83 8 8 8 8 8 8 8 8 8 8 8 8 8 8 29 29 29 29 30 30 2 29
45 45 87 87 87 87 87 23 23 23 23 23 23 23 23 23 23 23 23 87 87 87 87 87 29 83 83 83 8 8 8 8 8 8 8 8 8 8 8 8 8 8 29 29 29 29 30 30 2 29
45 45 87 87 87 87 87 87 87 87 87 87 87 87 87 87 87 87 87 87 87 87 87 87 29 83 83 83 8 8 8 8 8 8 8 8 8 8 8 8 8 8 29 29 29 29 23 29 2 29
64 64 87 87 87 87 87 87 87 87 87 87 87 87 87 87 87 87 87 87 87 87 87 87 20 20 20 20 8 8 8 8 8 8 8 8 8 8 8 8 8 8 5 5 5 23 23 29 2 29
64 64 87 87 87 87 87 87 87 87 87 87 87 87 87 40 40 40 40 40 40 40 40 40 40 40 40 40 40 40 40 40 40 40 40 40 40 40 40 40 40 40 40 40 40 40 40 29 2 29
64 64 64 64 29 40 40 40 40 40 48 29 29 29 29 40 40 40 40 40 40 40 40 40 40 40 40 40 40 40 40 40 40 40 40 40 40 40 40 40 40 40 40 40 40 40 40 29 2 29
44 29 29 29 29 40 40 40 40 40 29 29 29 29 29 29 1 1 1 1 1 1 1 1 72 72 72 72 72 72 72 72 72 72 72 72 72 72 72 72 72 5 5 5 5 29 29 29 29 58