50 50 0
23 18 35 49 45
1 34 28 39 58
8 2 28 15 31
44 4 45 30 58
20 22 26 25 88
2 8 30 21 14
28 32 31 46 96
23 5 49 10 49
5 6 28 12 44
18 14 43 28 74
2 1 24 17 50
25 42 30 48 9
23 20 27 36 74
14 8 41 46 63
16 17 33 36 2
16 25 32 41 83
15 28 46 37 82
38 34 40 40 77
19 9 33 15 93
36 0 39 7 80
29 15 47 38 82
30 25 43 34 85
5 26 49 36 14
11 4 46 10 21
17 7 42 25 91
3 14 6 41 35
24 13 45 27 73
5 28 27 31 93
18 25 49 37 64
4 34 42 49 37
15 16 20 37 27
10 1 31 48 97
6 21 8 40 72
30 15 34 17 67
14 18 48 37 76
10 1 40 14 59
23 32 29 36 70
1 34 12 46 58
8 10 10 36 29
5 33 13 41 77
1 6 33 8 4
36 13 48 45 52
30 2 37 9 10
6 25 49 30 31
29 9 33 13 75
9 4 34 44 14
10 8 32 45 76
1 22 45 48 56
1 27 34 28 56
14 34 20 40 13
27 14 38 27 49
9 5 24 30 36
11 5 36 20 2
1 27 7 45 94
42 32 49 44 94
27 11 28 29 28
14 19 23 39 10
8 12 21 44 2
5 1 5 33 45
15 5 41 11 98
26 10 48 27 29
34 38 44 46 18
10 1 39 47 70
8 16 21 40 8
10 27 32 37 40
19 19 36 33 61
0 0 49 49 40
7 11 17 38 34
24 15 30 34 68
19 7 22 36 40
13 16 48 48 70
8 21 8 22 12
1 9 7 42 94
1 19 3 33 21
38 5 46 16 79
7 32 45 42 66
3 0 17 17 58
9 17 33 30 51
3 40 36 40 69
17 28 39 48 5
32 22 34 45 10
10 3 45 15 15
14 35 48 44 21
18 28 44 43 57
2 28 39 41 31
4 14 34 22 68
8 19 20 34 22
4 33 17 41 62
30 2 43 49 69
19 16 25 46 100
16 2 46 41 47
24 24 38 42 50
9 5 21 11 92
26 22 43 25 60
8 9 14 10 14
15 6 46 20 66
30 24 32 26 16
27 15 48 26 52
26 12 30 27 46
38 13 41 49 96
11 33 23 37 52
4 16 21 40 18
23 22 37 31 32
36 11 36 28 1
24 14 38 46 4
6 39 38 44 46
43 7 45 9 88
32 10 41 46 60
16 27 34 27 97
5 4 17 8 44
4 38 17 49 34
23 32 43 49 7
40 13 45 48 10
17 36 42 39 81
11 6 17 43 73
17 0 22 25 61
14 18 32 39 16
5 11 29 32 64
5 28 41 28 12
22 27 38 47 6
6 10 35 22 78
15 0 48 29 32
25 0 46 42 1
25 15 48 44 81
27 20 47 40 96
32 6 46 39 67
5 41 40 48 88
30 32 45 48 37
13 20 43 36 48
14 7 22 41 77
36 8 36 15 15
21 26 28 37 95
5 1 43 23 19
12 15 35 41 16
11 8 22 30 18
11 8 46 41 40
22 31 24 39 99
16 43 24 49 1
2 1 27 19 26
26 9 47 44 79
34 4 49 27 16
1 8 35 31 75
3 8 41 21 7
20 8 46 31 87
6 3 35 7 12
9 18 9 19 45
4 2 9 45 76
38 29 41 38 33
15 6 24 38 18
6 33 9 36 24
22 25 30 30 54
29 6 49 37 81
1 10 10 41 22
44 7 49 8 75
4 7 38 35 85
18 2 19 18 43
34 11 40 12 51
39 2 45 28 68
14 19 47 30 30
10 22 48 46 87
4 27 16 33 6
47 13 47 15 30
21 7 34 16 14
15 0 21 13 13
34 14 48 30 30
33 32 44 41 96
17 6 44 23 19
9 0 43 46 57
26 1 37 31 34
30 47 43 49 85
25 1 36 17 49
3 1 46 32 23
1 20 43 34 29
12 36 42 37 71
30 6 49 45 42
24 25 47 42 100
7 3 28 21 63
0 3 19 8 12
11 5 19 9 60
26 7 31 21 41
19 4 41 47 35
19 19 21 39 42
9 18 47 21 91
17 24 23 41 12
13 30 22 41 70
22 14 33 22 48
18 24 24 43 69
1 4 18 30 83
24 34 34 35 23
32 5 35 16 8
34 9 40 28 24
13 11 23 38 80
4 18 25 35 6
19 33 36 46 86
43 17 43 22 28
13 36 16 49 90
21 18 35 35 29
40 3 48 33 95
23 15 31 31 39
24 21 48 44 37
13 5 25 49 27
0 11 8 33 3
18 7 24 32 90
19 3 45 30 22
24 21 30 31 94
3 12 23 30 40
9 0 32 16 43
10 0 18 19 34
9 42 25 43 57
4 30 5 39 94
1 16 3 37 25
8 31 22 42 44
45 2 47 41 85
2 9 27 12 41
12 39 48 44 8
26 13 39 30 70
6 15 44 42 57
34 12 40 15 70
14 8 15 30 82
37 2 48 28 25
4 27 45 35 13
43 43 48 49 80
11 28 36 35 82
5 20 25 38 62
32 4 40 35 11
14 5 45 22 82
8 19 19 24 92
18 26 21 43 12
1 14 39 44 70
13 9 14 43 1
40 30 44 36 44
1 22 13 29 39
29 21 43 39 95
18 15 18 30 46
19 1 25 6 79
11 37 38 45 8
11 6 38 43 18
6 9 9 16 22
15 19 19 39 46
23 11 27 39 50
18 2 47 41 44
24 19 38 20 60
16 15 19 32 34
19 46 48 48 23
43 5 48 6 45
3 24 29 45 9
24 6 34 16 72
3 26 20 29 51
2 25 42 41 96
20 16 46 21 81
0 28 22 38 45
28 4 35 41 48
7 13 37 22 50
23 0 45 47 56
7 5 29 45 37
7 3 49 20 85
20 35 40 45 21
32 2 36 12 56
4 17 48 24 91
2 37 40 47 30
7 19 10 48 52
19 13 26 48 67
17 18 25 20 61
20 2 28 32 67
27 8 39 39 77
28 32 47 40 28
12 12 35 32 22
6 7 49 39 58
12 20 49 30 99
6 28 24 46 74
19 41 30 45 97
11 30 23 49 51
3 17 17 23 36
13 19 42 48 96
0 19 28 37 43
36 31 45 34 6
34 15 36 32 18
35 9 46 22 37
17 14 29 24 4
14 28 24 46 70
25 4 38 15 18
28 14 46 27 55
35 13 44 49 28
1 7 37 40 66
3 6 12 44 95
0 0 49 49 58
4 19 33 47 98
33 3 37 4 62
1 27 36 38 69
0 0 49 49 27
8 32 31 47 78
10 26 13 30 29
20 39 45 45 33
27 7 44 13 68
6 12 28 46 52
4 5 8 6 88
19 14 31 34 3
1 16 1 39 56
25 14 29 43 22
34 24 43 35 0
26 7 39 38 99
0 31 44 41 46
26 19 33 19 0
4 4 34 39 78
0 10 29 11 100
38 17 38 36 30
30 39 49 49 73
6 31 15 33 40
2 7 17 25 93
30 10 45 15 35
9 19 14 46 59
20 2 48 38 7
34 12 37 32 43
19 5 38 5 0
32 9 43 29 61
19 3 20 24 69
17 19 27 27 74
11 24 37 46 41
4 1 31 48 28
19 13 20 31 100
9 5 37 45 30
17 1 33 41 61
8 4 38 26 50
18 27 26 32 92
30 35 43 41 58
25 38 30 44 91
10 14 21 49 1
10 28 11 31 6
26 0 29 2 66
12 13 17 45 36
18 1 21 39 64
20 21 48 41 94
14 6 40 31 57
30 14 32 18 92
45 11 45 28 31
15 3 32 4 44
0 0 49 49 18
15 5 31 22 19
30 9 47 40 70
0 7 42 32 18
5 13 17 15 55
2 2 24 22 22
0 3 40 31 17
18 4 22 30 100
7 19 20 30 41
18 22 34 33 70
22 32 38 36 92
3 10 15 42 33
7 22 18 42 34
3 16 20 29 34
9 9 46 18 11
18 1 44 20 73
5 30 42 42 19
5 12 19 47 88
21 1 36 18 14
6 3 13 43 96
7 10 45 40 89
12 6 42 9 35
6 37 49 40 27
0 47 8 49 76
12 22 36 26 91
38 16 39 46 42
27 31 42 41 54
17 2 27 37 85
20 17 39 40 69
21 26 48 43 57
18 10 39 40 61
14 1 30 16 20
4 10 26 35 59
3 15 14 42 42
25 39 28 49 41
6 8 25 11 13
3 6 27 42 62
4 11 38 26 65
9 8 44 16 13
4 33 30 39 17
17 1 42 11 32
4 15 29 36 81
35 4 49 35 28
24 12 49 23 44
27 1 41 11 58
1 1 45 25 25
14 3 21 9 75
13 27 31 30 94
20 15 29 37 69
21 12 38 37 40
25 10 37 42 31
2 37 49 40 47
2 4 19 38 31
14 44 40 44 63
44 28 46 35 35
6 14 32 30 84
36 6 48 38 43
27 29 40 39 24
23 20 47 48 36
36 22 43 47 98
20 42 31 45 32
7 3 31 36 33
3 7 3 24 64
6 24 28 47 32
20 34 26 46 30
20 31 22 36 73
25 21 43 39 37
9 29 22 39 57
3 13 29 26 88
15 10 35 19 20
10 23 34 38 79
33 17 43 35 15
37 0 40 13 34
17 7 33 34 70
6 22 19 29 86
26 0 29 14 32
29 27 47 48 84
8 8 35 23 66
5 1 46 9 84
25 6 30 49 56
8 25 47 31 28
0 24 30 47 69
41 16 49 35 79
44 23 45 31 6
17 0 34 25 18
17 24 23 48 6
14 0 37 40 58
1 0 43 22 36
33 22 41 47 32
10 13 45 14 84
9 5 17 28 87
22 2 25 23 65
3 3 46 16 14
1 2 15 2 10
2 13 10 18 41
15 0 25 47 6
14 18 34 39 69
16 6 31 31 49
0 11 5 14 7
4 11 10 48 13
7 10 44 35 84
13 33 28 42 10
25 2 40 43 97
11 19 15 37 1
10 17 22 46 76
19 3 37 18 46
31 7 48 18 94
14 27 22 35 19
21 22 39 23 70
12 28 39 41 31
18 19 35 23 0
13 29 28 48 21
3 5 28 45 51
26 1 39 4 71
11 15 11 25 40
3 3 30 21 8
10 14 11 46 85
19 12 25 37 90
25 5 27 31 11
11 30 24 45 62
24 1 34 16 36
7 5 33 35 2
35 7 46 38 74
23 8 37 30 40
16 33 25 45 38
22 25 24 49 44
28 11 34 43 99
16 10 39 26 55
16 25 32 29 98
24 41 28 41 37
1 2 49 25 78
12 12 13 26 97
8 18 15 23 90
28 6 46 43 18
23 16 25 42 34
7 41 44 43 82
21 7 43 46 44
40 9 42 13 79
2 27 22 49 84
8 39 38 47 45
14 19 31 20 23
2 10 5 47 61
6 6 6 39 99
3 14 43 26 5
35 21 38 40 72
17 6 21 31 30
3 16 22 19 12
37 37 38 48 88
6 20 9 21 30
6 6 31 36 39
10 1 35 26 15
15 13 17 24 73
1 18 14 48 17
30 19 35 37 100
27 9 39 16 71
0 0 49 49 86
29 6 47 14 3
23 14 28 35 69
7 36 49 43 80
0 0 0 0 72
0 49 0 49 64
49 0 49 0 9
49 49 49 49 98
35 35 35 35 45