72 86 86 86 86 86 86 86 86 86 86 86 86 86 86 86 86 86 86 86 86 86 86 86 86 86 86 86 86 86 86 86 86 86 86 86 86 86 86 86 86 86 86 86 86 86 86 86 86 64
86 86 86 86 86 86 86 86 86 86 86 86 86 86 86 86 86 86 86 86 86 86 86 86 86 86 86 86 86 86 86 86 86 86 86 86 86 86 86 86 86 86 86 86 86 86 86 86 86 86
86 86 86 86 86 86 86 86 86 86 86 86 86 86 86 86 86 86 86 86 86 86 86 86 86 86 86 86 86 86 86 86 86 86 86 86 86 86 86 86 86 86 86 86 86 86 86 86 86 86
86 86 86 86 86 86 86 86 86 86 86 86 86 86 86 86 86 86 86 86 86 86 86 86 86 86 86 86 86 86 86 86 86 86 86 86 86 86 86 86 86 86 86 86 86 86 86 86 86 86
86 86 86 86 86 86 86 86 86 86 86 86 86 86 86 86 86 86 86 86 86 86 86 86 86 86 86 86 86 86 86 86 86 86 86 86 86 86 86 86 86 86 86 86 86 86 86 86 86 86
86 86 86 86 86 86 86 86 86 86 86 86 86 86 86 86 86 86 86 86 86 86 86 86 86 86 86 86 86 86 86 86 86 86 86 86 86 86 86 86 86 86 86 86 86 86 86 86 86 86
86 86 86 86 86 86 86 86 86 86 86 86 86 86 86 86 86 86 86 86 86 86 86 86 86 86 86 86 86 86 86 86 86 86 86 86 86 86 86 86 86 86 86 86 86 86 86 86 86 86
86 86 86 86 86 86 86 86 86 86 86 86 86 86 86 86 86 86 86 86 86 86 86 86 86 86 86 86 86 86 86 86 86 86 86 86 80 80 80 80 80 80 80 80 86 86 86 86 86 86
86 86 86 86 86 86 86 86 86 86 86 86 86 86 86 86 86 86 86 86 86 86 86 86 86 86 86 86 86 86 86 86 86 86 86 86 80 80 80 80 80 80 80 80 86 86 86 86 86 86
86 86 86 86 86 86 86 86 86 86 86 86 86 86 86 86 86 86 86 86 86 86 86 86 86 86 86 86 86 86 86 86 86 86 86 86 80 80 80 80 80 80 80 80 86 86 86 86 86 86
86 86 86 86 86 86 86 86 86 86 86 86 86 86 86 86 86 86 86 86 86 86 86 86 86 86 86 86 86 86 86 86 86 86 86 86 80 80 80 80 80 80 80 80 86 86 86 86 86 86
86 86 86 86 86 86 86 86 86 86 86 86 86 86 86 86 86 86 86 86 86 86 86 86 86 86 86 86 86 86 86 86 86 86 86 86 80 80 80 80 80 80 80 80 86 86 86 86 86 86
86 86 86 86 86 86 86 86 86 86 86 86 86 86 86 86 86 86 86 86 86 86 86 86 86 86 86 86 86 86 86 86 86 86 86 86 80 80 80 80 80 80 80 80 86 86 86 86 86 86
86 86 86 86 86 86 86 86 86 86 86 86 86 86 86 86 86 86 86 86 86 86 86 86 86 86 86 86 86 86 86 86 86 86 86 86 80 80 80 80 80 80 80 80 86 86 86 86 86 86
86 86 86 86 86 86 86 86 86 86 86 86 86 86 86 86 86 86 86 86 86 86 86 86 86 86 86 86 86 86 86 86 86 86 86 86 80 80 80 80 80 80 80 80 86 86 86 86 86 86
86 86 86 86 86 86 86 86 86 86 86 86 86 86 86 86 86 86 86 86 86 86 86 86 86 86 86 86 86 86 86 86 86 86 86 86 80 80 80 80 80 80 80 80 86 86 86 86 86 86
86 86 86 86 86 86 86 86 86 86 86 86 86 86 86 86 86 86 86 86 86 86 86 86 86 86 86 86 86 86 86 86 86 86 86 86 80 80 80 80 80 80 80 80 86 86 86 86 86 86
86 86 86 86 86 86 86 86 86 86 86 86 86 86 86 86 86 86 86 86 86 86 86 86 86 86 86 86 86 86 86 86 86 86 86 86 80 80 80 80 80 80 80 80 86 86 86 86 86 86
86 86 86 86 86 86 86 86 86 86 86 86 86 86 86 86 86 86 86 86 86 86 86 86 86 86 86 86 86 86 86 86 86 86 86 86 80 80 80 80 80 80 80 80 86 86 86 86 86 86
86 86 86 86 86 86 86 86 86 86 86 86 86 86 86 86 86 86 86 86 86 86 86 86 86 86 86 86 86 86 86 86 86 86 86 86 80 80 80 80 80 80 80 80 86 86 86 86 86 86
86 86 86 86 86 86 86 86 86 86 86 86 86 86 86 86 86 86 86 86 86 86 86 86 86 86 86 86 86 86 86 86 86 86 86 86 80 80 80 80 80 80 80 80 86 86 86 86 86 86
86 86 86 86 86 86 86 86 86 86 86 86 86 86 86 86 86 86 86 86 86 86 86 86 86 86 86 86 86 86 86 86 86 86 86 86 80 80 80 80 80 80 80 80 86 86 86 86 86 86
86 86 86 86 86 86 86 86 86 86 86 86 86 86 86 86 86 86 86 86 86 86 86 86 86 86 86 86 86 86 86 86 86 86 86 86 80 80 80 80 80 80 80 80 86 86 86 86 86 86
86 86 86 86 86 86 86 86 86 86 86 86 86 86 69 69 69 69 69 69 69 69 69 69 69 69 69 69 69 69 69 69 69 69 69 69 80 80 80 80 80 80 80 80 86 86 86 86 86 86
86 86 86 86 86 86 86 86 86 86 86 86 86 86 69 69 69 69 69 69 69 69 69 69 69 69 69 69 69 69 69 69 69 69 69 69 80 80 80 80 80 80 80 80 86 86 86 86 86 86
86 86 86 86 86 86 86 86 86 86 86 86 86 86 69 69 69 69 69 69 69 69 69 69 69 69 69 69 69 69 69 69 69 69 69 69 80 80 80 80 80 80 80 80 86 86 86 86 86 86
86 86 86 86 86 86 86 86 86 86 86 86 86 86 69 69 69 69 69 69 69 69 69 69 69 69 69 69 69 69 69 69 69 69 69 69 80 80 80 80 80 80 80 80 86 86 86 86 86 86
86 86 86 86 86 86 86 86 86 86 86 86 86 86 69 69 69 69 69 69 69 69 69 69 69 69 69 69 69 69 69 69 69 69 69 69 80 80 80 80 80 80 80 80 86 86 86 86 86 86
86 86 86 86 86 86 86 86 86 86 86 86 86 86 69 69 69 69 69 69 69 69 69 69 69 69 69 69 69 69 69 69 69 69 69 69 80 80 80 80 80 80 80 80 86 86 86 86 86 86
86 86 86 86 86 86 3 3 3 3 3 3 3 3 3 86 86 86 86 86 86 86 86 86 86 86 86 86 86 86 86 86 86 86 86 86 80 80 80 80 80 80 80 80 86 86 86 86 86 86
86 86 86 86 86 86 3 3 3 3 3 3 3 3 3 86 86 86 86 86 86 86 86 86 86 86 86 86 86 86 86 86 86 86 86 86 80 80 80 80 80 80 80 80 86 86 86 86 86 86
86 86 86 86 86 86 3 3 3 3 3 3 3 3 3 86 86 86 86 86 86 86 86 86 86 86 86 86 86 86 86 86 86 86 86 86 80 80 80 80 80 80 80 80 86 86 86 86 86 86
86 86 86 86 86 86 3 3 3 3 3 3 3 3 3 86 86 86 86 86 86 86 86 86 86 86 86 86 86 86 86 86 86 86 86 86 80 80 80 80 80 80 80 80 86 86 86 86 86 86
86 86 86 86 86 86 3 3 3 3 3 3 3 3 3 86 86 86 86 86 86 86 86 86 86 86 86 86 86 86 86 86 86 86 86 86 80 80 80 80 80 80 80 80 86 86 86 86 86 86
86 86 86 86 86 86 3 3 3 3 3 3 3 3 3 86 86 86 86 86 86 86 86 86 86 86 86 86 86 86 86 86 86 86 86 86 80 80 80 80 80 80 80 80 86 86 86 86 86 86
86 86 86 86 86 86 3 3 3 3 3 3 3 3 3 86 86 86 86 86 86 86 86 86 86 86 86 86 86 86 86 86 86 86 86 45 80 80 80 80 80 80 80 80 86 86 86 86 86 86
86 86 86 86 86 86 3 3 3 3 3 3 3 3 3 86 86 86 86 86 86 86 86 86 86 86 86 86 86 86 86 86 86 86 86 86 80 80 80 80 80 80 80 80 86 86 86 86 86 86
86 86 86 86 86 86 3 3 3 3 3 3 3 3 3 86 86 86 86 86 86 86 86 86 86 86 86 86 86 86 86 86 86 86 86 86 80 80 80 80 80 80 80 80 86 86 86 86 86 86
86 86 86 86 86 86 3 3 3 3 3 3 3 3 3 86 86 86 86 86 86 86 86 86 86 86 86 86 86 86 86 86 86 86 86 86 80 80 80 80 80 80 80 80 86 86 86 86 86 86
86 86 86 86 86 86 3 3 3 3 3 3 3 3 3 86 86 86 86 86 86 86 86 86 86 86 86 86 86 86 86 86 86 86 86 86 80 80 80 80 80 80 80 80 86 86 86 86 86 86
86 86 86 86 86 86 3 3 3 3 3 3 3 3 3 86 86 86 86 86 86 86 86 86 86 86 86 86 86 86 86 86 86 86 86 86 80 80 80 80 80 80 80 80 86 86 86 86 86 86
86 86 86 86 86 86 3 3 3 3 3 3 3 3 3 86 86 86 86 86 86 86 86 86 86 86 86 86 86 86 86 86 86 86 86 86 80 80 80 80 80 80 80 80 86 86 86 86 86 86
86 86 86 86 86 86 3 3 3 3 3 3 3 3 3 86 86 86 86 86 86 86 86 86 86 86 86 86 86 86 86 86 86 86 86 86 80 80 80 80 80 80 80 80 86 86 86 86 86 86
86 86 86 86 86 86 3 3 3 3 3 3 3 3 3 86 86 86 86 86 86 86 86 86 86 86 86 86 86 86 86 86 86 86 86 86 80 80 80 80 80 80 80 80 86 86 86 86 86 86
86 86 86 86 86 86 3 3 3 3 3 3 3 3 3 86 86 86 86 86 86 86 86 86 86 86 86 86 86 86 86 86 86 86 86 86 80 80 80 80 80 80 80 80 86 86 86 86 86 86
86 86 86 86 86 86 3 3 3 3 3 3 3 3 3 86 86 86 86 86 86 86 86 86 86 86 86 86 86 86 86 86 86 86 86 86 80 80 80 80 80 80 80 80 86 86 86 86 86 86
86 86 86 86 86 86 3 3 3 3 3 3 3 3 3 86 86 86 86 86 86 86 86 86 86 86 86 86 86 86 86 86 86 86 86 86 80 80 80 80 80 80 80 80 86 86 86 86 86 86
86 86 86 86 86 86 3 3 3 3 3 3 3 3 3 86 86 86 86 86 86 86 86 86 86 86 86 86 86 86 86 86 86 86 86 86 80 80 80 80 80 80 80 80 86 86 86 86 86 86
86 86 86 86 86 86 86 86 86 86 86 86 86 86 86 86 86 86 86 86 86 86 86 86 86 86 86 86 86 86 86 86 86 86 86 86 80 80 80 80 80 80 80 80 86 86 86 86 86 86
9 86 86 86 86 86 86 86 86 86 86 86 86 86 86 86 86 86 86 86 86 86 86 86 86 86 86 86 86 86 86 86 86 86 86 86 80 80 80 80 80 80 80 80 86 86 86 86 86 98
