90
25492 26506 13425 8726 14 17824 6635 9140 20808 2799 27971 21792 31467 5011 1266 12922 18916 29903 27911 29737 16211 27737 26919 6347 17060 23032 22482 19314 16123 30545 23271 31245 12246 16894 26987 12324 24814 19425 11910 2505 25950 26040 22990 21195 2566 22513 17609 9772 18226 7615 4524 8661 30071 22125 10089 649 18910 24819 12009 15384 23877 21959 30102 25045 17153 21237 22813 29513 29384 20082 8306 24873 2511 25261 26132 24198 10031 18792 30610 21060 26509 30918 20046 31949 17402 5797 1409 9734 22552 13869
29055 26499 21374 5033 15421 26359 6750 17046 11024 5358 22885 506 29111 17342 4323 11000 13980 10938 23340 28064 11351 10666 29246 20492 25716 24696 14500 9128 16246 28460 18842 25809 7707 29210 21617 14498 14306 3674 18229 32010 15051 8825 3214 7970 6238 28526 24804 11198 9198 19920 710 20035 26143 17222 17037 12728 18854 3134 13628 30751 1360 28130 3755 15365 26438 25671 26341 20568 25999 232 28366 12921 6102 3412 22537 25234 32366 17955 29720 5674 14995 16942 20165 30966 7155 23040 18369 28658 10093 9095
28556 4785 31512 22031 11156 20209 13191 10866 26017 27251 13899 2952 19056 22282 1466 10981 23454 3313 495 19908 22729 24417 15122 26174 17393 32611 14554 19648 1316 8420 23375 11707 29018 30215 14549 32669 14494 29887 7526 5377 32622 6812 3871 7970 10085 8933 31742 13462 2839 25320 29930 12345 12605 16526 6643 31847 15122 30514 7132 7790 4604 7859 30422 5698 6255 10440 19087 26227 25102 18580 29547 22621 14100 30843 18705 20639 26355 4659 9770 18382 11835 11550 7525 15210 13244 14039 32703 11024 24815 31243
6145 30194 6546 1930 16266 11397 5779 13725 12366 10873 26671 10651 14367 3310 25435 8119 12588 22757 32355 25884 25543 26100 24785 14396 13675 24895 10896 868 18685 31907 13905 9620 29778 7732 23342 15759 12018 9194 29069 11054 24091 3991 8008 15097 8713 12060 12043 12280 2165 5341 30461 8135 18524 29810 4770 21737 27393 14240 29696 11102 1589 24455 4096 7032 27606 1564 10776 26346 29334 5082 807 7202 15357 32181 28576 25561 7090 8016 6379 19688 1014 1391 28168 2653 7025 15535 1910 22478 24625 30837
595 30701 31728 9764 5828 349 11669 16531 28055 28100 27646 30654 31015 7970 9725 187 21888 20321 17312 8688 29636 7725 19638 20356 5326 12549 22670 27667 22292 6546 11010 422 23506 30264 8884 1762 18277 236 23704 1151 8436 69 12467 12028 21846 20181 27682 18577 24880 27833 27741 24422 26206 20335 32701 15362 12437 25576 12092 5126 27974 30430 21885 21787 6853 30568 9996 7209 29354 18380 4070 11466 21368 4244 2620 31998 28028 18916 21108 10528 14072 28426 7281 25624 27521 4183 11796 14291 6822 14125
770 10736 2514 20570 23976 6332 28020 4260 27005 25697 15708 1957 21127 14426 10344 21722 30241 2346 27489 13046 4347 6734 3872 19836 3682 8304 20981 5260 23746 21469 16457 765 27497 1849 16513 2733 13709 5746 5670 6933 32401 16882 8259 30241 9092 18969 22287 18238 9707 24298 19660 12468 21440 14340 13807 17206 12474 26836 15489 5047 1231 17674 8901 25472 13304 26953 31003 3712 17204 15395 27428 13283 11983 31556 26663 19686 30180 10477 10932 9705 32545 28069 25479 28101 15050 16939 2990 20321 9728 30126
8687 18816 4932 25664 22372 14557 23607 29065 28520 18554 24739 7096 22199 15413 30399 15039 13776 18844 12463 16320 670 29442 6987 2242 21848 6355 23073 7337 1190 13604 17597 25445 19717 30094 26920 11881 1900 10045 6062 9567 13104 10564 23524 27418 22309 22835 1770 3788 32262 11756 12014 7545 21014 29874 18417 26539 7176 25731 14798 20328 10524 31656 6008 12897 23692 23434 23427 17516 28710 5831 19942 28212 10298 9605 30463 1071 32438 29703 17367 27089 2448 16254 16296 29952 8292 13601 1692 9671 1375 1919
21976 1614 5467 28180 23737 18186 17227 17179 13149 27441 25306 13220 6758 6513 1615 13798 26618 25825 29620 14806 17934 8760 30007 18425 9701 7485 2256 630 3283 17022 13092 15471 7751 4421 31146 7057 1801 27080 18444 30698 11711 2976 17616 28155 19638 22652 22839 22287 22751 12055 28773 7115 23064 29287 12739 5381 6317 4376 15010 28378 17439 8504 6945 16890 30500 25652 6736 22343 15598 18179 1429 18847 31664 12961 3919 31221 26719 16575 186 2471 26550 10425 17171 20235 124 30920 1020 30795 17161 28537
31009 20596 18951 2397 1820 23241 14454 5890 20374 14429 22770 28451 27311 3041 16953 4380 20384 20410 9448 19360 12447 21079 9861 15278 19972 19649 28098 14273 1193 18291 17408 31560 7062 16749 28691 9813 5342 19844 11845 26009 1476 6652 27037 22160 14882 5720 6753 31737 9996 11121 28121 22153 28848 14790 6998 30176 1920 21011 2675 5564 8340 23589 11931 7021 3401 8172 15307 1929 13871 25810 6297 12256 15650 6987 12662 21938 2742 17581 4400 27680 19161 3395 25275 8929 7347 19612 16432 2358 31185 24617
29462 23840 6275 5128 2529 23248 19842 3610 26296 8287 12502 28507 11131 31167 2551 8051 9989 10482 18227 30344 10158 32377 1103 14679 22292 22032 25713 7043 796 19352 17214 15404 30771 15445 319 20676 20698 26713 28553 29214 24161 18496 7837 16328 3826 27422 5261 19867 29906 28854 11872 3984 21220 29677 12472 14294 21103 31102 19378 15137 17952 14062 5646 28484 7763 17859 17296 30722 29326 5873 6821 30241 17486 14997 27978 11457 24327 20453 6442 4332 31078 12647 21254 30574 31705 12642 16730 21735 4177 31379
10814 17438 24391 26912 14474 18072 7677 28626 7229 29546 20998 23934 2592 2123 28168 5828 24230 4333 11201 6140 26647 6286 18248 21358 7149 6602 32661 16321 15231 8371 68 10935 11228 21283 6294 9239 1274 21329 25529 5354 7184 12451 17993 22249 3392 23235 25878 24631 2169 19189 31016 22348 26012 22440 9472 9009 17373 26186 12065 19443 14445 28513 17871 16210 20566 2264 12311 19897 27046 27286 4111 29555 10191 8534 6751 16923 1870 25522 26368 32340 21643 15744 16196 17851 2560 1378 3351 20762 22942 20633
20356 9951 25964 22810 14459 20940 27506 2532 22481 28655 26837 9616 30600 11733 30787 15146 3409 507 28561 23871 25935 15493 163 20279 27166 16178 24973 7397 11796 29072 16375 20573 6598 17772 966 14854 25550 24461 9465 32496 13772 14498 6352 24935 8875 19064 6708 30664 21030 7536 20819 17811 1418 18993 7819 27330 22973 17306 3209 23897 27263 31994 11698 24895 15088 16516 26817 12876 1874 18941 30898 5283 25617 31160 9184 16194 19968 13252 28266 21719 4070 16228 19418 24277 8505 15039 5129 32456 25129 30425
16189 18918 22753 20418 11669 742 21513 21774 32167 9749 5775 22148 13927 31654 28839 10523 18507 9289 27152 14370 10668 21504 24985 14014 4720 12078 17893 1433 6886 32241 19307 8409 16881 10674 17344 10831 7785 14587 31257 25585 16318 15752 14604 11915 478 26784 23958 24753 22617 14758 7010 2552 21699 31467 22088 30310 27739 198 13589 1574 16617 24295 20874 11648 28909 2024 10663 12553 13045 2853 13865 29207 16463 25806 19025 24440 21216 5178 8423 24164 14932 27774 14975 16303 19576 21311 28923 5443 13539 25028
25681 31694 26588 7247 9358 11448 15480 13230 15643 27736 29187 1293 1343 10343 9377 19470 23014 23221 30005 15132 9377 1050 26754 28156 21485 21424 16785 27300 10424 20031 23378 9297 32033 2553 17797 13524 26752 21096 10459 16428 25766 18596 13913 13914 22630 21449 9726 26481 11092 30120 2213 7661 18124 22461 28973 13125 10294 9314 14550 21188 26761 65 25326 24212 23822 14351 25518 11036 13671 30328 20063 1164 15055 5717 11968 12981 5283 25893 4524 28447 13858 27067 248 341 22897 820 30363 30084 11233 29740
2833 8516 3957 11826 25345 27318 5535 29048 8221 1487 5963 5327 22857 7155 3614 2515 24064 4550 4864 29027 18676 24383 9688 21589 9717 11774 8854 21607 12052 12767 1911 27000 25864 28623 28804 32504 1745 26334 27741 1437 11419 20374 3636 19799 2532 25995 24860 15239 6881 28468 8324 12652 16670 30713 23038 14045 4966 28813 23622 15678 25826 10622 6015 3757 18308 23563 21183 15740 3495 13621 23246 10212 3823 5913 3627 25591 13431 1148 27216 10199 4139 27304 32311 550 882 15735 26141 30397 14609 6573
13446 21409 30284 24970 27777 21042 1869 1952 28973 22694 19146 31715 3708 28598 8419 28415 32567 16535 16713 24558 5187 12076 15525 10185 24866 25722 11576 30686 4540 23900 23230 32260 19808 20856 21913 9003 19206 1649 19755 6199 31447 25439 9604 9487 26863 22652 4157 28144 15713 28447 11427 8968 32123 5615 29465 20032 29260 32080 28599 13145 22628 6178 4151 30266 15579 5291 2322 31624 11157 25041 5606 14200 4803 5261 6427 24289 32685 16796 24262 11926 6320 8056 1741 15602 30850 1158 23117 2484 20158 5521
4152 16397 27036 14455 17731 24312 3327 7970 11007 15306 15030 32442 12869 4874 20475 18201 13528 7042 7232 28288 25158 20374 21804 9608 29711 24789 3040 1883 27913 2510 1918 6691 26627 12837 10476 13251 14761 6374 15317 5830 27048 31000 22769 23444 18194 23702 15751 31212 7171 4378 15408 1678 17541 29595 10973 31032 11441 1497 29211 3796 31255 566 8598 7152 25696 25031 11740 25454 306 2219 15204 17789 1876 3227 6863 23240 19731 18883 23149 20461 1508 14800 4355 5424 842 16715 17868 13937 31994 26405
6589 28507 9278 10899 5645 20447 1687 27420 17397 1248 934 5871 29109 6448 23116 4987 18647 17084 4369 5178 6583 4099 15810 21453 67 2509 28766 25422 17920 7449 17716 994 9550 24919 25157 16013 20972 3799 25583 11851 27326 14722 31949 12380 14542 9160 19673 28383 24466 15833 13267 31138 25197 9496 8935 24889 9079 14284 12682 2125 16257 4377 31141 7991 27476 304 32501 32205 13882 21954 9649 20348 21952 1722 31854 17816 24249 6955 23873 17391 3974 23175 10787 15268 3989 7699 10393 10299 18472 22167
16532 25328 14936 6746 8853 16461 30297 20301 6422 11259 6143 17799 2342 14041 27777 22001 26195 19275 9598 22851 7628 31701 15677 2863 15559 8168 28729 11739 22049 13051 28637 405 27460 10718 12940 25795 23630 12875 1252 12312 9072 4287 16452 8974 24467 4231 19083 29840 29250 14878 17187 23542 13508 17334 319 9783 2184 28693 18272 11098 18119 20386 20510 14382 21348 6080 6181 16443 22295 1114 2430 27640 25802 30655 27664 22335 3651 19633 16230 5117 11268 3768 25010 17710 23663 3261 10258 26121 32302 31187
19475 4471 10706 4184 21108 24010 28346 27453 20268 8364 22327 2466 10925 12117 30701 12454 19563 28418 3709 8061 20120 18850 29537 18883 7986 23250 25367 3087 12864 26891 25217 3788 10585 32538 17036 19268 5221 14801 1808 26366 12200 7677 13559 22858 17148 2712 19362 3866 1629 6975 28040 275 12203 3814 31776 28644 3500 1738 11010 15063 21585 12711 20041 1189 32314 14123 26683 6799 26491 30635 14892 20906 1441 29718 23711 20091 24816 29223 8879 27331 13039 12510 19629 11676 20007 16688 19979 2501 13095 22270
10872 22075 30411 9796 11853 13577 23998 8339 1576 23648 20798 9921 31190 30186 4383 735 20087 2140 18195 15979 5084 8011 24360 10439 24884 9536 18834 8682 17640 9230 2475 32086 27587 24419 13880 4425 17238 32158 20206 17976 7067 13024 2869 14969 3032 8806 1579 20032 7878 27158 27628 11212 2547 3159 3089 8162 29797 11302 30070 22139 4224 20327 32577 20410 3370 7032 25375 8480 8748 16396 19665 22275 15323 1079 744 2620 2553 10693 3276 32289 30166 6864 31235 23219 17338 5522 11952 22296 25479 19063
22874 26699 13467 8310 30191 18450 16628 5026 521 26672 13207 25084 18031 9692 3634 31372 23007 20851 25088 25264 16651 24170 4077 1459 20449 20358 21499 8865 12303 13135 8164 19546 12487 17602 2305 12262 17343 1094 19818 5384 19325 23777 13407 19734 7889 10668 19942 1031 26019 12164 21942 10190 13038 24323 15700 23015 13 29358 8572 7983 27958 15728 11970 16888 27460 15688 14713 6749 12985 17982 3284 12499 11267 22939 13643 28417 11518 32089 19008 21202 12219 10201 31459 22472 26240 5076 25171 2707 20751 4244
26374 31458 14123 8804 10602 32633 11353 1861 17868 131 228 29666 28026 15402 17443 7366 6948 14694 15358 24525 26248 23826 30127 8664 15183 21829 21446 13509 30513 20191 15728 22943 13152 10594 21240 13073 15652 7428 19342 15393 450 1794 24648 5915 29091 20534 26726 18634 7858 8684 2778 13294 6662 23794 10504 26859 21697 1774 26314 7615 2104 8692 29623 25142 26964 8792 31141 25697 11064 30401 21612 22852 5411 22143 30445 24015 12184 18975 8531 25616 19645 8764 19609 166 28674 20632 28493 11385 22786 22379
32659 20136 13742 17146 22124 8899 16296 24940 22584 20283 18669 11481 1658 16406 31671 7077 24284 6631 20898 19212 11123 22782 1549 14333 10307 28892 1987 31276 8710 32746 11739 13667 29225 27498 13276 13592 31768 30637 16677 26181 4027 12422 32652 9076 21824 13824 1350 1817 9756 16716 5639 14373 30540 30205 32617 25816 14561 21368 5266 24535 20155 23205 3345 4990 1685 15339 19210 16247 12098 8540 19603 13452 13621 26924 19549 697 26695 25704 21911 19846 20149 28132 20239 14996 10600 28022 16795 11893 3450 7009
23991 19392 14069 6164 1135 26725 30942 11285 22400 27967 28274 17464 5306 21480 20911 32276 16552 14033 6934 22711 25715 10130 20144 23961 25348 16254 6735 21967 10601 7803 10518 24449 15994 19473 20539 30622 30140 11968 30988 19406 18821 3479 27696 26793 8289 20482 25136 6182 437 28644 32054 1110 32162 20965 4116 29266 19500 30734 22151 10610 26524 17043 701 23231 9762 13039 17430 7339 5823 25910 11048 20224 9570 13223 3845 31511 19026 14465 22464 1098 18635 8729 21037 15531 16620 3368 28905 12791 6353 22889
7834 18117 252 11364 1400 27651 6137 5764 28685 3747 28993 3696 10040 3474 864 13976 29048 19434 16723 8462 5991 13160 25396 1432 4485 15136 8729 7683 17207 18031 27449 7354 26384 28722 20048 29079 4174 5685 11077 20728 26024 14575 25354 12566 31047 876 4037 12690 25106 3978 2093 8529 31278 14952 12854 5770 26309 7452 26864 19741 19719 32164 31148 16167 22639 19487 31842 11219 30280 62 2895 115 27247 27381 7650 22479 8538 20598 2777 956 25433 24159 30120 21745 19740 21042 11034 5399 12662 25607
12602 26399 18528 18813 3700 472 20289 25846 3064 30913 32365 29956 30559 1820 30699 22558 10129 4419 4987 14488 18662 20543 11223 13522 13451 23447 20794 22447 22312 1382 1311 30024 27327 15536 25419 16354 2008 27126 23565 10526 20955 31240 25541 25456 17085 2843 15267 6098 23006 28699 14257 9146 12850 32323 9748 29513 17312 22762 15247 19397 21415 12192 10568 6729 22855 8825 16335 6843 22559 16553 17244 27391 30419 21841 21848 24170 21680 30361 5919 9594 25235 2815 27141 7620 17158 14575 28823 24109 30125 29843
13603 21341 20961 8172 6522 113 5274 28962 29684 14320 1426 4888 32181 24833 30631 13380 30255 7387 10369 30654 8168 24700 17270 31894 31357 22174 2986 28523 24040 7655 29051 23097 23294 14176 5916 9843 1339 14632 2175 1362 2498 6506 10873 12908 14240 9612 9505 17544 23889 31145 19833 177 8069 3138 21072 25481 11556 8752 12390 21728 29839 16093 12754 14725 15913 25780 31905 22364 20502 14806 29888 16305 32578 25871 29980 13260 20901 14088 9223 14278 5574 29630 26334 18331 4990 20530 14568 25215 14847 30819
27010 24694 28436 12665 1401 17951 25515 27715 28600 2768 4496 23523 27939 1256 18043 25800 10178 28769 24653 30685 27938 17317 7831 11776 11256 18083 11612 14262 29960 8225 19736 29981 837 19796 15360 18978 3898 14254 17548 755 29096 23799 5427 23736 22897 15775 17781 1662 6324 1363 11295 11891 19770 8654 27339 28505 26641 15346 21158 12853 22646 18199 1654 22599 24057 6819 32219 16703 17883 18906 19924 430 6075 11768 23174 23995 30065 22141 22073 23575 12859 21449 12708 1331 25879 4072 24938 8880 31343 10671
7396 4887 2299 1544 31265 1482 28132 2954 2859 13114 29733 15437 24716 25947 2871 8700 5393 25685 20717 16427 18126 7037 29341 235 8546 2691 10624 20380 23933 22252 22107 22019 22943 4547 95 3997 12322 1420 15182 10034 28282 8314 14560 21164 20924 20194 2405 8490 11357 23022 20395 28497 22844 7830 27682 30178 24547 12492 25406 9874 11786 16119 797 19222 2653 18851 3178 6781 9344 887 25217 14530 26191 28007 1748 21666 27242 811 25485 22443 15345 3055 10613 23702 17292 25420 17684 24534 1455 20087
12058 24177 5660 12728 7165 22287 25769 14878 20196 24912 18243 20338 5060 20323 25907 25193 9416 3541 26528 27421 32503 13734 4949 11198 27153 1186 12229 2949 14265 12270 24396 7658 32217 17634 19640 10775 20547 3094 21000 18076 15764 8896 31860 23908 4958 15933 4525 11240 11654 19949 31333 5026 21738 28484 13842 20165 28999 26654 15343 23851 4699 6995 27972 15759 5190 11148 31976 18172 25398 16469 28676 13957 8771 8563 7193 17719 14744 7287 17989 23116 4052 26771 18370 11681 29360 31917 23471 28267 29409 2994
31251 16933 14144 6957 25631 12237 2856 26648 17843 19279 11295 3569 4132 13634 6841 9233 29245 17106 29370 17722 4483 25085 3707 13679 26813 3587 31119 6664 28596 26647 30373 30725 28728 18523 7344 27811 11363 23307 20294 21549 14882 7672 5702 21269 14320 21049 6334 30019 16101 13853 16140 22445 13808 7012 16451 4136 27233 11694 7888 18301 4522 32051 22621 14784 6246 8629 19701 4317 25242 2483 8553 19828 24891 18912 8435 12775 8433 211 25114 25521 13851 8960 13013 14073 10771 17127 4083 22630 19891 10635
11194 18742 5400 21286 18383 24970 24741 9243 26198 19716 22347 27180 5721 13716 13832 32237 24430 4239 14510 6264 4244 16898 32742 12643 30303 2629 6260 30959 15445 29139 1981 17026 32151 10072 390 29528 18628 1036 11006 18805 6938 10816 3839 3806 5854 29238 10129 3336 30974 6454 8368 21649 4598 26334 14415 11566 17904 15546 24476 16869 22575 17429 390 23932 1453 11790 4732 19249 13059 14830 19832 12203 12682 30136 16957 28209 24512 27906 6365 28186 10477 14852 11901 21636 10246 11503 28508 1609 29137 32128
4626 1583 19018 15060 6166 863 18758 28030 14211 11289 12886 8151 4636 6309 1006 16533 23949 25229 454 5023 24820 15369 16001 9504 27551 7099 26765 29402 10519 20636 24138 16318 30302 4663 19822 17849 7286 24853 25000 14800 5154 19320 18051 22127 14065 27212 142 24574 375 10842 25018 22454 19166 13759 7427 20659 5534 4508 15698 6986 23944 17424 930 15004 1801 5731 28770 22635 21421 18308 31771 11053 32738 17078 17235 607 28159 11910 10673 27932 644 26624 14434 12014 5539 15906 15290 30436 7680 401
25631 3301 30902 15499 28195 26947 29338 10013 5616 27283 30403 11158 23017 7613 1610 3899 20622 19535 23886 4924 5536 17687 26939 8679 4742 4848 29772 23580 9712 5596 10831 6913 28346 12883 23209 14838 15891 2779 7065 15564 29918 30681 12993 9777 20568 12711 26338 4719 27132 24806 7911 27223 28324 2326 29221 17015 20720 356 3553 14996 31467 28610 5138 29012 17132 31293 22377 24634 10171 8843 6287 13271 6133 32740 10414 29759 18610 19220 5426 4539 24420 28877 16593 10685 29443 7745 3528 6169 10343 31728
32104 10353 28149 2751 26834 31729 6781 22347 14079 30525 29539 30588 13315 19624 24061 1629 28050 30375 16445 4651 14531 13957 21648 12460 17684 27480 29957 11713 24750 21811 8626 2111 20971 6301 18004 12539 27158 5698 821 16420 13682 27369 32083 5334 27773 11174 31166 4843 2677 12881 18498 29461 11548 3638 16710 22826 8633 27918 23284 9406 17247 4143 6554 12279 3697 8703 24400 28829 3430 32686 24284 12145 714 19237 13778 18880 29829 22841 29184 12599 31840 20517 1544 7673 453 2615 29007 9967 16582 4297
7958 13407 16994 17267 16615 193 10755 32639 10291 7118 31818 23453 25401 9177 17167 19416 8489 10594 12964 16841 8586 28905 13402 7435 13017 1792 31303 32751 1139 23204 70 23664 20405 20941 7742 19817 7265 3140 4008 4101 9283 18613 5195 12663 6677 8197 3658 17644 22433 2789 16737 13758 14117 26024 5996 2539 7163 26193 3625 10437 28281 14577 12862 31211 3863 13872 19326 28791 1231 26665 7784 22137 27338 20859 26352 27813 24888 10908 28803 12872 1408 2417 28485 27009 13721 10012 32413 11181 8887 14358
26867 8739 30507 2685 7352 14114 4996 24239 29351 21255 9979 11799 10571 31171 9998 21575 14786 23693 27242 20039 27072 13268 27406 1069 16087 30072 29614 20718 14069 15161 15445 15476 27182 28016 14927 7153 31163 1533 10054 3186 28739 32640 939 31671 30554 17612 6232 13122 1608 13464 15219 6574 28171 3448 23701 7746 26271 22028 7211 710 380 5495 29213 30613 9569 28691 10158 15860 30544 31844 10404 17570 21721 25674 28584 29361 17308 9850 4591 5267 31242 3118 11802 8056 25963 10012 16987 16088 20773 27557
11738 24651 4923 15184 24919 12705 25108 29558 784 17711 14206 21567 2533 20583 25842 21453 5050 14508 15642 12726 31517 25188 30352 24248 28712 30286 11241 3240 6313 4373 7410 31404 31617 4390 5433 20906 15178 30399 7119 9472 25661 2633 20557 27510 20818 15592 6421 1136 27816 30544 1754 7529 20264 19162 4451 2972 870 14551 4491 28164 28615 1060 7309 11143 11241 16639 9342 8559 17727 5912 539 5657 14076 27115 19397 17393 6451 23374 7626 4254 19260 23622 14310 17529 7513 16415 5130 22084 15769 1468
23131 7961 27645 19243 22142 2720 14810 8060 21011 6021 22654 9940 30847 15401 15126 17597 10223 920 4048 16576 21402 30396 21564 6454 23366 9680 2296 30811 31757 26134 18572 32676 15969 6093 17811 23891 1358 2142 29724 24648 8959 17622 25167 32282 5764 28824 1108 32614 22226 29780 30576 18023 20235 6451 113 25543 28672 25684 18765 28085 31477 18044 8710 19768 27044 29705 18640 30147 6020 31016 32118 15113 4170 24136 25594 14610 10160 28879 31356 655 15990 1035 9820 2411 22695 15979 7331 30114 26910 18159
10655 24150 30280 26333 7118 6432 31788 29622 22014 5028 12200 5480 19633 27496 1789 15557 29382 14310 11150 24116 22870 15071 14564 17574 1757 27379 27894 4300 18842 3183 11687 14472 2360 19558 1937 6817 23469 4611 2561 31418 24931 31261 9282 31109 11413 12556 26655 23860 14333 7867 21923 15920 12460 6399 5155 27662 5945 4135 15487 7871 31773 27093 6308 18438 23390 32268 31829 6447 23403 27273 6956 4351 29511 12375 32731 9703 15338 20382 2232 24700 28901 21948 3449 31276 25668 4502 4667 21545 27064 25136
11210 23210 31990 21372 31004 10323 10074 32112 22046 32241 26832 22875 11188 25195 10228 377 250 32502 28024 3781 12753 2951 28358 2318 28311 24462 11239 7501 26933 31457 9380 3638 21343 6902 26859 4877 4631 12374 2164 6331 19059 18510 9635 6433 11169 16104 12209 31916 6696 19738 2055 14890 8304 18236 5866 10460 18565 8127 4957 14540 17176 541 579 1376 32711 6668 12485 30256 6814 23287 11763 25109 17117 23470 1966 26754 32507 6749 20165 29976 29164 15547 9822 8564 1440 8323 25240 26956 7884 20520
31342 25786 15852 12229 20703 31959 12681 30290 6475 20108 15799 18206 23329 12197 23779 32633 22711 2599 32203 3249 23929 484 25294 24129 14150 6220 1638 18500 24343 17030 10483 27184 5346 9664 27578 28096 29374 28099 7469 12850 15175 29130 6765 14259 26436 7060 27149 24344 13959 17592 29721 20942 18453 32313 31574 9748 32135 30298 15308 4967 11696 28851 21122 19262 27264 1157 21129 18936 24104 5451 11067 13331 895 14737 17349 5022 15781 1033 28643 2545 4838 25308 8683 18843 3809 2366 32269 27804 4073 5957
13017 31445 939 29691 15105 13500 22289 3506 27745 30292 7527 29847 30780 18013 12989 906 16585 26055 23948 2861 10222 29549 13212 13115 15179 30720 17956 1564 24954 28225 22836 23222 27797 7028 10832 4229 13817 19473 2653 20974 10058 18620 20162 20688 21688 6007 24007 12637 3200 23831 23104 5928 32693 29428 12912 2174 26688 1253 5672 7162 20518 19308 6191 9300 24073 13869 32486 20090 19186 6821 2092 26082 25933 15128 9344 13086 17717 14795 28005 10417 5618 19572 23307 21025 6336 17391 32043 14669 17618 15410
15155 13825 10391 2179 24483 23496 28732 12265 29367 31233 13682 3552 10310 25141 31857 27472 25834 26792 573 9152 7777 21294 16424 10951 6963 10816 18584 1476 21909 8271 24842 3535 1422 856 32087 3568 5720 27833 54 4494 2825 9027 25859 30506 5747 25488 14015 6989 27208 663 30807 12222 386 7805 25129 4857 27137 20911 6340 15325 20854 7213 16623 3493 22913 30505 5358 10265 30486 18128 24320 2053 24869 7784 32044 3051 21114 2715 21053 12533 8930 22034 18444 7213 31631 31814 18173 17392 10941 16019
18124 19872 23190 3983 23690 29594 12115 18585 27106 1896 4261 23989 20897 25655 8787 919 21878 25995 12324 31741 245 13873 4351 31810 17890 2934 17745 25136 11693 8342 21679 11031 17465 1655 11965 24859 8161 7063 4942 29394 10941 16451 17868 10511 4385 6923 4059 12024 31079 370 22329 24671 26863 22762 19176 21071 31331 1023 27536 18916 18752 12242 29471 5472 13970 5577 24498 31612 27391 1413 9656 13564 14854 19220 19796 9350 19081 17768 32516 16564 10377 16648 17281 25704 9266 27398 31462 31072 8727 28721
20243 12554 16574 7307 9556 16281 30559 3838 21310 19800 4585 21834 6874 4670 11846 1090 12806 20419 7904 8248 22807 7411 22116 27062 17603 14529 16582 25199 24383 22173 11653 7796 9380 6473 12080 13739 7831 12264 5161 27006 17193 18776 23721 21200 15100 20929 20996 11317 21160 11886 9006 3170 7004 27612 10878 9442 32457 4625 16563 22795 19003 4911 16693 16689 29961 2121 9117 28185 9776 12405 20086 176 15675 26147 1861 27133 25190 32429 9160 26453 25090 18479 24700 3790 22299 6552 97 32758 26969 10497
6657 3268 8740 7230 13743 28366 7435 1971 8461 23741 5991 20329 7121 5118 9019 7778 16840 10939 351 26665 22043 15882 26334 10412 21457 20580 12700 22094 26517 27736 20540 14905 14009 24448 24896 8945 6012 8629 19826 9519 7816 15487 24963 24300 9663 18127 10995 28860 12343 18673 7216 8541 20355 7356 15362 24464 28213 7692 25638 5671 9120 16242 21306 1632 29923 22313 5593 7281 10019 14412 2822 29284 1815 27719 1998 29989 18890 8332 24105 24538 27292 7303 19234 370 10890 21459 4151 129 5296 26798
15363 4427 11276 12970 26138 21022 9861 7590 25141 16870 22828 29949 11919 1275 14785 28413 8590 27709 6521 3227 6822 29283 31998 8548 14971 9104 13752 6071 26181 8999 8267 17714 6777 17377 11361 25450 20646 26141 4521 223 31900 4215 22048 32303 25812 30363 2447 27529 23052 25180 23124 23141 4658 13056 26470 30578 10883 26334 29588 208 5364 25388 24077 27776 29905 28178 1061 21273 11940 3842 28758 29372 12120 18764 31365 24137 11934 25837 15751 11475 28816 14760 1508 15698 19092 12377 7643 25240 28548 28293
6822 2951 18188 24629 3839 15232 21587 5125 18146 26398 28637 7544 28821 2341 22704 29070 22246 949 24757 29081 4276 8644 14434 6220 18864 19659 7574 32021 2149 19134 29124 8621 5494 6210 31572 15853 26663 13083 22086 32227 15391 26851 22553 26149 13421 32258 27371 21093 12232 16602 9185 16966 12827 23874 6345 26734 1857 1078 14590 12252 780 15308 11660 11132 653 27498 1173 9209 4751 30775 11252 14291 24421 1487 32543 16817 20966 12091 27730 30968 32181 19488 29930 156 17606 5686 3343 22583 21533 17148
7829 25432 24025 26027 13092 31517 13426 11624 2455 15876 11071 21437 6819 4606 24635 20298 20665 3269 21256 7864 30509 13936 27956 16367 9367 23109 24508 10121 9338 22990 31182 19590 9251 13871 23763 7233 9940 17334 12717 27298 1314 15284 17213 12950 31644 8331 8745 15036 3245 10249 13788 29282 14788 8180 24270 6831 22449 230 3589 4129 595 9051 30172 18491 29552 19209 14339 22391 16612 31856 13511 4994 17918 20657 24467 9640 15399 15267 15543 8589 18116 30756 27753 29727 30302 3757 26377 16072 1792 10794
20138 29416 24033 12040 31181 16770 2627 18575 7023 13110 19867 24690 11335 31855 28402 13476 31049 25053 23947 32622 31598 16678 26310 26047 23735 4568 836 8131 20080 29347 32588 4022 5298 5829 622 15099 27435 10181 14950 22888 10017 28516 11587 28389 15029 24017 30408 9013 32101 16412 29970 19475 24021 15085 10363 23937 24783 23926 19135 13405 4488 24742 24925 28469 18213 26271 20288 18780 25469 20075 10655 11325 28449 28650 21538 27376 13978 21519 10310 23563 19697 15692 11266 17851 6005 5195 7083 20499 18104 3295
19221 29091 24795 5946 8699 2637 16651 29024 14240 8276 12364 27868 20919 29622 31605 15537 19072 23484 10876 24467 8757 8911 15604 31319 16292 21645 4052 13993 9245 12828 20602 31229 5774 16574 8432 2248 2541 9894 20845 27119 17110 18955 21279 7807 118 26234 18471 416 11431 3184 21734 25796 22364 16168 5751 15396 320 9394 25212 28525 31130 31813 13342 8886 21364 20182 27215 2998 13820 3561 15186 10036 3114 5288 382 25278 22435 16178 17727 3742 10974 3125 10333 11274 3717 31935 5761 27547 22046 9809
24309 28673 10218 11062 7083 10484 15373 3346 2433 23149 5872 3518 13763 9239 17124 4691 9457 7424 19720 15493 22211 22421 2412 11827 19307 25037 25206 11067 28186 5540 14213 3475 2245 19915 3797 16278 9513 21150 7843 12443 32525 4950 29073 30668 27591 32640 10827 6454 23297 5294 10859 8476 21693 29804 8346 2449 6295 5749 16888 7750 16970 27431 12991 21152 6006 565 25123 15885 25249 2460 23932 12953 32635 14552 24230 8636 31846 31831 6568 17270 30005 29998 3477 13214 2868 8459 23728 31096 7785 15978
28627 11653 11290 16652 26898 12703 30352 27301 10651 12101 23066 23510 28384 20531 29524 12634 19193 25909 31400 388 31811 28478 30998 19945 26702 16052 14897 15706 15862 7439 8042 12821 719 13474 14481 4155 4039 10936 17817 18565 16646 8163 1436 31539 23833 2705 30494 18246 30544 8160 28054 6639 20836 16052 8235 4679 93 4358 5563 19776 22707 22399 4641 11740 26036 4933 26808 30109 28709 533 22555 16700 22572 8338 21295 15774 18030 9948 23396 10499 30836 13157 20535 29825 11347 6144 22524 6577 28556 32059
17882 30888 21809 20463 8471 21032 22345 11541 12693 12824 26486 16347 13725 24114 29397 17912 9436 7420 23846 11836 9387 26873 14125 1387 4500 25632 13399 9547 16913 8077 9121 23036 26262 2935 28598 29064 10962 9058 27223 27067 31795 10901 26368 12341 6568 3279 26825 10429 20650 14134 26506 28120 2941 32144 28738 32666 5299 24501 9402 21693 13299 17220 24165 496 2040 30102 30859 27505 16860 2544 1446 13534 9623 26621 29709 25417 29635 7803 26063 25994 8354 20020 16354 30425 31841 16688 13437 3996 12446 553
19650 22653 14121 2111 13728 21440 11783 19181 21496 12499 11453 21052 25598 32295 32459 5942 10211 11583 26486 18590 27057 7431 21194 18398 21622 7782 6112 29249 26788 10006 12381 2658 4024 9908 2363 21989 4890 12819 20684 17252 31300 30934 26107 11436 5159 14654 19670 2346 12234 9792 19529 9376 18485 29659 6444 11804 10125 32168 12929 13099 17792 15283 21238 23370 25828 31113 7090 30621 13466 914 23629 15076 30649 16033 7200 11690 30952 24010 18624 12991 19724 10868 11717 12265 10532 4782 6608 11991 20336 29127
21708 2646 22489 18200 19315 31688 22413 20261 5140 7377 11242 13029 12436 12627 27805 16733 12724 19869 18699 26484 8081 11487 21744 23042 19313 19425 2117 9770 28348 7157 30312 7146 15177 25131 119 18160 16603 5827 1788 27055 19436 22760 24272 11955 8617 19099 3385 1073 15677 26861 3926 21987 29266 13425 12477 6418 6357 15857 13666 24309 9722 27488 23227 24889 22145 2320 29729 15585 20023 31525 9850 20304 20671 9034 1813 27044 30610 20130 8661 20038 2373 16385 10898 11455 22027 10845 23996 4046 15738 12159
21569 29111 16786 14078 20145 27357 19195 12654 15265 11923 654 7125 32077 18992 25623 22366 12929 23137 28249 10578 1721 10948 5203 30531 19847 29618 21442 5003 27957 10844 5351 11765 23723 5913 14218 15545 14484 9726 28991 29102 13245 9648 24808 4027 26301 26742 31611 13454 17115 31634 13830 27281 11308 26834 4336 5914 32508 13922 26753 6371 1135 6372 11940 10937 6760 3010 29164 24184 4778 17347 21974 17462 3390 12253 24654 4543 21012 31819 16500 24130 28141 19423 29343 17993 5751 7064 26018 3054 6586 1143
1359 1868 23732 20367 20026 31541 11584 4188 20160 8739 27453 14677 14663 1904 19691 24260 27590 201 17048 7126 4233 23520 15741 19950 15406 5217 24035 6719 11508 9768 19594 29082 3893 20401 17226 1668 27440 22735 2299 27020 8204 12705 25747 16348 4122 32194 19342 18445 25179 24513 20371 8512 32066 6353 3924 2154 7866 20673 11958 32751 13675 6702 6706 5491 24377 1783 6522 14828 12558 24817 30048 24572 11226 23260 13556 21631 728 19862 13805 1376 5906 21903 9291 10928 19495 25725 5434 1529 6732 6993
18744 11215 401 105 22906 2985 16998 26119 21644 10735 32605 5378 3641 16468 11313 4027 9898 14438 28168 339 3282 13411 20725 11547 9 6735 30401 29260 21750 21827 8939 14329 435 16648 18413 21825 13612 29669 31169 18889 32200 23220 27044 23146 17228 23355 20250 26150 6140 28858 25138 1889 9475 30401 19211 21837 13844 5700 10903 22951 10322 2289 8351 3745 16493 9921 29447 31007 11278 29134 14932 13093 12918 5220 14187 31376 22626 1370 13979 6149 31537 18083 9182 12840 10056 29216 13404 24846 11702 2232
18737 5620 15636 14251 28528 11057 431 2083 8552 12393 4330 11533 11558 18180 9181 25382 25659 8926 25922 5977 30911 832 22162 18248 11157 14352 4203 20521 12273 1860 25141 8147 26648 1692 5381 31768 24423 15761 21953 21590 9623 9097 2694 20809 28479 20044 5958 5923 8090 25787 21942 28127 8075 10688 17511 17362 9694 13185 12594 16003 21713 8921 25306 19900 20691 28424 1517 29921 13451 6569 24811 16001 1564 24293 5034 3627 4520 13799 26105 17539 19731 13711 27012 27028 10505 12651 29432 20840 29506 8931
11879 28374 11780 12979 21229 18588 234 30367 14740 17582 9957 14177 23413 15821 32128 21223 31520 5978 6504 3771 32062 17261 1067 28355 13429 28450 1856 25642 9356 18739 10312 26782 208 5836 14995 22972 27062 2714 10726 10440 11713 4646 25211 12962 4518 3425 31306 21493 25519 9343 32647 3506 24157 12297 4204 19901 7761 26414 8248 12262 12140 18523 3448 19226 30006 28683 28037 24282 29308 20959 12622 29933 13374 2033 1879 19282 25544 11366 7938 6777 17438 28994 12558 2995 7837 27264 29021 29670 25312 15971
19962 9861 32225 12295 8026 29887 11360 14395 11746 11511 19593 8339 12458 11893 29393 21688 10625 25947 17953 24067 16945 17114 26422 15690 3844 1445 26440 5882 23174 26278 4585 25958 24205 32241 3633 9567 3703 29686 6936 12549 22195 21242 27427 15580 30083 3272 25411 11043 20735 2211 16634 10593 28254 19840 27583 19520 28273 7282 30116 7582 13168 3942 3894 20706 5113 4112 29348 4492 16214 15141 2596 8209 14079 971 21907 12517 351 11086 21339 16857 31195 24852 28826 22951 25105 7891 17537 26059 6237 5377
6906 10901 6050 15244 4749 31101 9287 23244 20868 8630 19071 8374 5709 20230 4558 5714 10017 19156 2505 2415 25827 21379 5149 16021 1355 32254 4050 32571 14403 21908 18897 22586 15505 11783 22180 7298 10167 23519 14718 11 25879 18180 31867 24335 12379 2956 7720 1399 3860 7378 30790 2707 3489 7880 971 5389 17235 27022 7722 6944 25039 27459 13268 29445 21427 23579 29695 18350 11900 30897 29094 17847 31655 13983 21969 5274 7446 10061 1814 28706 20662 32006 27232 30242 5983 26193 8431 31846 763 13182
26528 746 12267 31359 31599 5706 28070 11513 10042 13946 23203 21659 24264 5559 30586 27055 2825 17341 30022 30702 27551 6459 17229 1433 12702 30596 8163 28869 14224 12423 12427 14071 31421 11009 25952 23280 14761 5873 11187 23754 23517 17997 13302 30788 1770 32243 20184 7515 1196 21218 9650 22298 24268 26538 21026 5298 21384 7713 6389 2253 1975 4440 19531 4896 6663 27597 6389 26687 31626 28130 17186 27574 12657 14478 5691 28757 25623 12371 3083 21195 24385 3184 28451 8823 26532 26199 31869 19578 2471 23905
18527 32017 17771 8897 27266 11042 15368 439 13684 532 16922 14342 32059 7652 31613 12967 12603 19829 25684 703 19802 20264 27472 7887 26209 15277 303 17450 21925 4889 16770 3245 18408 8248 6324 3242 13178 9764 2888 3365 31139 3094 610 13891 14150 31613 16777 15871 2238 9293 27051 28447 17676 7066 11617 7270 29748 2149 6773 21516 1252 4790 7330 26475 1367 18667 7578 6907 25465 28495 26190 4736 30796 28142 9577 19842 25226 20648 16157 18430 29836 3461 18979 4955 14698 1352 24061 31647 21860 29255
5759 3299 17792 14713 28813 3333 17013 20945 25638 15772 19144 13770 24482 31281 6197 4932 2103 1708 1104 11662 25538 8716 8300 9668 20420 12635 1212 7515 27051 5857 6840 26362 19540 2457 26306 14731 18125 225 5386 6547 28767 2165 19887 27838 15820 4254 5159 27583 31701 3751 13792 26198 21247 401 3111 3506 14487 12040 5450 14586 28916 11413 10489 22567 1788 2324 19442 2324 23786 10857 26334 728 14926 13167 25717 19283 31572 1585 31465 27399 17738 13917 9346 4905 25693 32757 2949 27128 13987 5704
27995 29006 18527 24353 14575 15221 1408 28222 27736 25147 9322 21763 30136 29769 11769 6768 7012 19632 18115 28497 12101 2245 7582 29364 4478 4143 9059 6816 17998 25406 28657 5380 9016 9087 30836 13550 22370 2701 31463 16381 21308 17193 17111 12313 21345 22669 11114 15713 4802 12286 673 17509 26625 16545 12762 23702 21019 32143 20377 13051 14410 9771 32391 32037 24874 28852 15803 6244 25882 17174 3641 10555 8165 28166 4536 20242 26018 7757 1705 16427 32472 30820 17780 25047 12262 4674 8965 12522 20386 16242
23687 3692 12609 25448 28783 17553 25975 15893 2237 22507 5854 26297 23166 30943 1436 26873 7830 10582 26177 14385 1980 27316 10222 27915 22982 2062 26044 337 1575 20632 1883 32255 29110 22108 21754 20381 18353 1330 615 13515 32257 9708 30072 31518 28351 8657 19369 32298 11000 6733 25350 7392 27309 10470 27212 6427 15902 23410 15435 5493 25673 16519 2702 9567 27309 6196 6974 9073 31315 31982 7748 16894 30223 6349 23982 2540 19972 15097 19796 15298 11366 24927 15803 18179 24452 2728 13881 19387 9477 25707
14938 23127 14961 10657 32387 26041 22260 17754 20437 7052 29279 3503 13140 5845 32112 11000 73 8395 28499 32575 31205 29673 19560 8692 11302 13633 2631 17377 4095 6163 29954 3937 15027 24478 31146 22733 7298 13110 31252 13112 4743 30871 3548 15708 20449 10361 21675 15059 25105 20837 15798 19851 21667 15558 26759 25460 14353 27203 768 11387 4068 21836 18589 11452 27676 14579 1785 16115 12754 17918 19348 6964 22300 32570 7891 13789 5681 12306 28744 2760 23501 12639 6196 10437 29911 28802 4682 4423 16194 27825
21942 16477 25137 7822 28254 28900 20830 32254 15208 28924 8124 6712 30460 6840 25947 30748 27467 17690 15500 10951 30928 16702 6727 23140 20949 14293 1481 11588 3898 31445 29569 18226 626 8047 18221 21248 26830 29762 16705 19046 25598 10190 23432 28685 23509 13099 22797 12262 11596 23802 3388 22976 19146 26781 7749 27162 12706 17827 18113 21813 22749 21382 23192 2158 32059 3481 4898 5579 28276 13116 26252 15828 16835 16466 28286 19364 3493 18933 8698 30527 4831 4968 26248 16934 30398 28492 15504 553 29346 16663
2823 3709 7358 12995 20045 17166 11801 29379 11862 19990 27096 3643 16393 31727 2496 15216 30181 29990 21495 10366 1002 8912 15882 8777 15031 11553 16692 10165 7664 18490 17374 15642 14818 17219 15458 5106 31850 3514 28948 23253 5394 9994 31107 18856 8318 11360 25852 15889 8967 30906 10832 31789 5797 2881 17623 26502 4114 10200 8885 18495 16172 26101 18524 28818 20124 8623 19795 22141 26293 793 5685 30135 22430 4047 28668 3561 11956 31438 28799 4379 15146 9865 16442 22124 17906 3385 12622 25863 225 884
18376 27474 28942 2305 5926 13929 22651 7147 6424 15818 25335 16852 24963 5970 6722 15244 21451 26472 25971 5858 15698 8568 6039 4794 31036 11427 20891 2400 374 16564 15212 21788 4342 3926 22620 25351 15172 3461 31432 26652 7481 28995 6903 27794 2822 14220 5446 8554 24441 18059 4994 13380 20604 14 9622 5494 27871 22584 19814 25695 10071 17525 506 30201 4806 5811 28127 10670 13244 6352 27850 109 2878 31822 3199 10748 16071 29262 5361 31888 397 32700 23467 2715 8965 25031 26222 19173 26281 5780
8476 1758 2297 24115 10964 819 5568 18386 32351 5791 29592 7984 31179 8964 18608 20053 2389 9402 7373 1921 31117 19494 23695 19298 13492 21903 8694 8073 28521 4910 26148 2335 2181 23940 101 8148 8259 24049 5740 19737 10916 26497 25056 2959 273 21001 28439 15039 14146 2931 14625 23307 14176 21334 18184 17892 26982 21706 11862 13886 27085 4730 7896 13633 4968 22778 23458 16194 24717 11099 17747 13553 26485 24061 22938 27860 30181 21413 19449 30964 4110 4303 7113 29910 22195 6470 19327 28588 6281 19441
7469 18125 4835 12528 30796 1123 9614 28136 23736 5731 32250 21658 1788 29123 32155 16315 10704 30183 24463 12799 24800 9308 24961 27512 16591 200 29645 26910 10364 11553 13541 687 14212 5662 15347 6841 3592 17387 30400 5364 14768 8993 7892 1750 29679 23029 2527 22114 5513 32176 22871 15169 25427 15455 19811 22035 6202 20171 16120 20999 20615 18091 1345 17577 14946 3353 19013 16380 12180 9539 4804 19145 7313 1891 32097 13110 22709 10225 32007 28570 21454 32534 4741 400 15579 9317 18811 3915 1555 21190
31866 10025 27177 26802 9319 24970 22223 14502 14112 21730 24697 15825 22882 4109 9059 2320 26603 3811 13781 31261 7131 23821 4006 6404 20064 23319 2815 9174 8082 22981 25185 9376 1180 32683 20457 9118 285 11512 12755 18861 4046 20883 22590 1791 32356 26985 24622 4626 16568 4869 16343 21219 32549 29793 26649 3679 25649 25083 8007 26138 28016 31788 31020 67 17318 14005 4176 27608 24108 32411 25719 5398 30101 29238 619 24116 2448 24452 22779 12368 32272 31939 24388 6314 5035 3902 28719 17936 16192 29799
32571 31385 9437 16678 2685 17814 14816 27505 28133 6598 21084 12829 31682 5065 7614 14067 32392 1239 22192 32519 2001 5554 10813 19781 12451 5593 6710 2893 12017 19199 24277 13441 25700 21691 2977 30555 19035 30849 31633 261 24368 27089 18548 10019 30909 25262 20880 25587 8222 8274 5514 22681 23225 6176 25478 18868 1148 30938 10126 18997 8038 19476 22072 2161 15433 19433 15235 29045 24782 16620 12547 7833 3769 31841 32574 16728 20590 17070 28245 350 28340 14860 18919 227 13242 12674 23602 31544 24408 21524
9339 12703 12438 7224 19632 6752 10354 7049 8781 1561 27102 27327 5756 12118 23305 21983 2432 26721 27615 6319 25939 23388 9683 16237 19342 4236 26844 32704 23178 12024 31165 7663 19909 11059 17802 12881 32135 22646 32360 25349 453 4081 30100 26082 31813 25187 22183 24241 19971 2025 10264 28058 15316 531 13570 477 17993 9277 17447 17603 14550 30237 16438 12499 13363 9368 13641 10568 14339 29914 18354 9667 28596 28069 2039 17982 18086 10985 18459 25409 1935 3990 22047 28248 2846 18862 16329 14020 14814 23710
932 26225 25950 9678 21320 19240 15503 3959 19163 16390 24429 26037 16856 19245 21985 477 6415 17337 28134 16400 10734 5110 17644 29456 15102 27600 121 19027 7600 30602 31254 24150 22874 28339 25193 22324 1917 3926 8095 24951 17737 22898 27405 25902 24163 7849 29206 13120 5349 14908 32335 7423 10919 1335 26849 10752 4029 23273 23855 24619 23104 16791 11961 21006 27474 2930 17984 26486 25948 965 27180 5185 22426 31859 26154 29038 17114 20385 22041 27766 23424 10672 6183 223 11470 12142 10807 12302 354 21645
30343 11101 13568 30292 21391 25709 21394 3732 15148 30654 10605 4830 31997 9596 10454 21491 28685 19612 18629 29052 26547 7208 16617 13819 28599 28375 18155 28418 5046 1249 12535 5539 13768 4113 8569 23335 14431 17948 8228 28162 32627 27953 17465 2823 3292 5841 21510 11993 15359 31969 32173 31650 24748 13566 3366 9991 19783 11792 17287 1115 1062 11298 13187 32530 6203 13937 18225 6521 243 11202 21263 17317 25949 28921 23111 7849 8847 28136 26673 13 4422 19557 8984 18811 20172 11679 31809 26810 3359 18866
8489 5089 11855 11640 4623 5572 12072 2722 434 16051 9489 19976 25180 19812 21300 28734 17439 25645 6879 13416 26719 24182 19242 18767 11921 6767 5083 180 15937 2814 8070 4324 4698 9724 6393 5260 18850 672 8151 15567 24708 15419 28802 27030 14354 27942 17214 7207 3658 22009 9876 30714 19352 1278 22773 17863 18845 4582 26016 11492 30511 16826 2246 5838 32161 10004 7915 28934 19268 4750 9103 16670 10029 26491 782 16147 12857 10453 17349 27101 31055 21111 19062 19013 31973 21132 15853 22519 20934 14152
19940 13528 16146 25814 24869 12953 32134 26513 28398 22157 31741 13942 1945 20407 19767 31193 20604 4904 8922 10840 30479 4744 31158 7182 24396 16626 23373 18953 4444 23045 22675 30205 10863 7991 8690 28729 21740 32621 24721 7131 3018 23753 13526 832 11581 25795 32298 4287 8342 11900 20476 16279 4964 4942 14344 22821 4576 30120 14809 4699 32392 27161 9100 7533 11529 30378 8152 973 9314 23665 10571 23642 19527 8035 17110 12757 2499 16490 6540 11668 3874 23992 29607 23162 25358 11610 4300 5158 25336 1552
24464 30315 17594 27228 11322 24832 23418 18905 11466 25465 9169 27854 3643 9590 23340 15875 26374 7963 9843 26323 13031 13760 3049 29059 15331 4329 17492 26066 5258 15224 10077 5073 1914 25889 14137 245 8228 22559 3977 11115 12499 30501 15231 6059 31210 22424 14147 23632 22124 19451 8341 8231 4546 29355 23219 16006 19129 7372 10621 1503 1995 8579 2007 17556 24735 29029 15695 6157 24787 32304 30464 12809 2040 19129 26549 2097 2782 14118 13138 8691 14866 23901 10608 30861 12710 4541 4936 7528 13872 23563
6354 6824 25365 31919 302 16897 3592 21024 21058 24012 973 12957 5029 30810 579 3614 14523 11656 5025 27786 30242 14995 12032 7210 1613 16430 16922 9310 8559 27346 2129 20622 11419 30038 21235 26468 25641 14783 9916 25144 1371 17497 21148 14540 15169 7431 25531 5434 21209 15063 6843 1066 31355 21977 17981 30024 4212 2866 9894 8182 17650 1900 16163 8253 4896 11024 14314 24586 21905 23927 13763 8343 31202 477 19143 14375 6043 17079 25704 22518 28247 10054 23218 28272 3877 10093 1233 31137 13613 12736
30418 24045 4503 22493 19630 5377 3752 5375 9860 18697 20014 25296 14886 12323 26399 4223 7639 15380 9853 4115 12371 29243 22396 11775 16912 32707 22247 26358 25540 24092 30144 20480 32295 7083 28455 17614 5882 7360 30076 20554 26440 26825 6856 883 9964 22470 6233 11880 12627 13309 14765 12226 26499 9199 28306 20007 29532 28810 18570 20509 20510 31648 26484 17947 15404 31384 6505 15078 30736 18788 12773 15899 30398 27059 23591 32007 25373 615 27866 23999 7875 29513 30452 20589 7680 20731 10207 19177 17695 23855
11991 8841 10984 20247 13203 14393 25706 28 8231 10958 15863 20691 16937 919 1391 23085 1810 4405 18882 16110 22504 25773 13232 12640 22554 9404 23507 328 2988 11115 16864 17945 10387 8674 18730 31080 5987 3713 24167 5536 26407 2349 10935 3319 14480 2536 30690 11424 25683 1445 10721 16450 24780 19802 29089 2474 10983 25430 7427 24765 13888 15061 10279 4016 10377 5586 29674 16251 25645 29980 17837 2186 9778 20140 29785 31670 15204 32310 26271 14197 4272 9214 18053 23885 8910 26093 3614 31631 4387 18148
20888 16193 22501 2128 27261 604 30080 18943 26674 2616 32568 23602 27076 2628 26896 30707 17635 16122 1259 20904 7727 13586 31986 14825 22195 4342 19765 16527 29359 27255 149 3597 23963 4286 13537 26372 12136 19077 10815 3601 22281 26247 25038 30698 20018 12340 3977 1449 14944 7338 25455 14695 7961 17377 28129 6413 1397 31269 9035 13159 15581 7626 17158 31610 6419 27931 9597 28184 20850 30867 13711 13745 25976 1360 6453 16492 10881 29636 19813 31862 26325 32430 14646 11930 7653 26184 31812 5907 29138 23490
31830 22686 15919 16624 30270 21971 20488 4160 5633 30900 24355 238 23096 6279 11397 15227 18102 29153 27192 12891 10859 25860 20556 29422 31880 28266 796 689 5348 3490 11987 7350 17311 3675 31790 25425 3077 26559 17027 23061 1717 9730 6914 15358 12034 4666 14651 496 8089 3185 11488 11616 612 19448 28876 11089 14255 31231 27461 25475 30858 23139 17278 18407 30830 30407 12384 30805 18979 32742 9354 20097 3040 22823 31639 26156 7861 627 3231 30103 27942 21571 17920 2621 1305 16893 13918 32193 2290 5760
9960 14118 15356 24317 10973 3134 11787 30730 18511 22373 19039 28913 7720 5487 19916 14670 11114 8158 26648 19673 7099 22360 3237 20864 15648 21081 13903 23481 777 25638 8856 19734 14990 4098 18435 281 21496 15523 3005 15435 25987 15335 31362 4488 19298 31428 2239 12701 2308 28029 7668 22805 20374 3100 28509 20559 19913 29468 28113 12756 11477 31846 19178 27368 24254 25727 22886 10847 8661 20479 19661 12722 23939 17733 7252 15442 15426 28265 3330 28988 9964 14194 10001 4814 1336 7369 6807 24793 26497 15854