0 3 6 36 44 47 64 82 89 97
0
0 6 8 10 14
2 8 11 28 29 30 32 41 61 71 91 94
no solution
0 4 5 7
0 2 7 14 16 21
0 1
no solution
0 2 5 7 11
no solution
6 12 37 41 43 56 76
8 10 11 17 22 27 45 60 67 70 82 84
8 9 24 40 47 48 59 65 76 89
no solution
0 1 2 7 8
0 1 19 27 69 73 89
no solution
0 1 4 8 18
no solution
0 5
no solution
no solution
0 1 9 13 22 60
0 1 2 14 20 35 57 69 70 83 94
no solution
2 4 8 9 21 30 37 46 55 58 67 75 76 93
0 1 5 11 17
no solution
no solution
no solution
1 3 11 13 27 28 42 44 45 49 51 56 65 69 70 72 75
8 20 23 29 30 36 39 43 48 49 59 60 64 70
0 2 35 37 53 77 78 82 87
4 7 20 23 30 33 36 38 41 47 50 54 59 61 66 74 76 93 97
0 2 6 7 14 18 25
no solution
no solution
no solution
no solution
0 2 8 13 23
0 1 3
0 2 3 6 7 14 84 91
3 5 6 17 20 36 40 47 50 57 61 85 90 91 93 94
no solution
no solution
no solution
1 2 8 14 16 17 26 28 30 39 44 51 57 65 83 90 94 97 99
0 3 4 8 13
0 1 13 15
